****************************************************************																																
*   This file was generated by Direct Download Enterprise.     *																																
*   Please do not change it manually.                          *																																
****************************************************************																																
%_DYNPRO																																
SAPMZB1MM0003																																
0102																																
758																																
                40																																
%_HEADER																																
SAPMZB1MM0003                           0102I0102     34178192 37  0  0 36235  0G E                              20260612231724																																
%_DESCRIPTION																																
102 Subscreen #### ##																																
%_FIELDS																																
GV_DOCTXT	C	CHAR	 13	80	00	80	31	00	  1	  2		  0	  0	  0		  0					  0	  0								_____________	                                                                                                                                                                                                                                                        X	
GV_DOCNO	C	CHAR	 10	80	00	80	30	00	  1	 17		  0	  0	  0		  0					  0	  0								__________		
%#AUTOTEXT012	0	CHAR	  7	00	00	00	30	00	  1	 30		  0	  0	  0		  0					  0	  0								BP ##	                                                                                                                                                                                                                                                        X	
GS_HEAD-BPTYP	C	CHAR	  2	80	00	80	30	18	  1	 38		  0	  0	  0		  0					  0	  0								__		
GV_BPTYP	C	CHAR	  7	80	00	80	31	00	  1	 41		  0	  0	  0		  0					  0	  0								_______		
%#AUTOTEXT011	0	CHAR	  7	00	00	00	30	00	  1	 51		  0	  0	  0		  0					  0	  0								BP ##	                                                                                                                                                                                                                                                        X	
GS_HEAD-BPID	C	CHAR	 10	80	00	80	30	00	  1	 59		  0	  0	  0		  0					  0	  0								__________		
GS_VEND-BPNM	C	CHAR	 19	80	00	80	31	00	  1	 71		  0	  0	  0		  0					  0	  0								___________________		
GV_BALICON	C	CHAR	  6	80	00	80	33	00	  1	145		  0	  0	  0		  4					  0	  0								@00@__		
%#AUTOTEXT008	0	CHAR	  4	00	00	00	30	00	  1	150		  0	  0	  0		  0					  0	  0								##	                                                                                                                                                                                                                                                        X	
GV_BALANCE	P	CURR	 16	80	00	90	30	00	  1	156		  0	  0	  0		  0					  0	  0		GS_HEAD-WAERS						_______________V		
%#AUTOTEXT010	0	CHAR	  3	00	00	00	30	00	  1	173		  0	  0	  0		  0					  0	  0								USD		
%#AUTOTEXT031		CHAR	 69	00	00	00	30	00	  3	  2		  0	  0	  0		  9	R				  0	  0	104							## ##		
%#AUTOTEXT025		CHAR	108	00	00	00	30	00	  3	 72		  0	  0	  0		  9	R				  0	  0	105							## ##		
%#AUTOTEXT032	0	CHAR	 10	00	00	00	30	00	  5	  5		  0	  0	  0		  0					  0	  0								## ##	                                                                                                                                                                                                                                                        X	
GS_HEAD-GJAHR	N	NUMC	  4	80	00	80	30	00	  5	 22		  0	  0	  0		  0					  0	  0								____		
%#AUTOTEXT028	0	CHAR	  9	00	00	00	30	00	  5	 50		  0	  0	  0		  0					  0	  0								## ##		
%#AUTOTEXT034	0	CHAR	  9	00	00	00	30	00	  5	 76		  0	  0	  0		  0					  0	  0								## ##	                                                                                                                                                                                                                                                        X	
GS_VEND-CNTCD	C	CHAR	  3	80	00	80	31	00	  5	 86		  0	  0	  0		  0					  0	  0								___		
GV_CNTCD	C	CHAR	 11	80	00	80	31	00	  5	 91		  0	  0	  0		  0					  0	  0								___________		
%#AUTOTEXT035	0	CHAR	 11	00	00	00	30	00	  5	105		  0	  0	  0		  0					  0	  0								### ##	                                                                                                                                                                                                                                                        X	
GS_VEND-BIZNO	C	CHAR	 16	80	00	80	31	00	  5	117		  0	  0	  0		  0					  0	  0								________________		
%#AUTOTEXT026	0	CHAR	 11	00	00	00	30	00	  6	  5		  0	  0	  0		  0					  0	  0								## ###	                                                                                                                                                                                                                                                        X	
GS_HEAD-ZFBDT	D	DATS	 10	80	00	80	00	18	  6	 22		  0	  0	  0		  0					  0	  0								__________		
GV_RBSTATXT	C	CHAR	 14	80	00	80	31	00	  6	 50		  0	  0	  0		  0					  0	  0								______________	                                                                                                                                                                                                                                                        X	
GS_HEAD-RBSTAT	C	CHAR	  2	80	00	80	31	00	  6	 65		  0	  0	  0		  0					  0	  0								__		
%#AUTOTEXT036	0	CHAR	  9	00	00	00	30	00	  6	 76		  0	  0	  0		  0					  0	  0								####	                                                                                                                                                                                                                                                        X	
GS_VEND-RECON	C	CHAR	 10	80	00	80	31	00	  6	 86		  0	  0	  0		  0					  0	  0								__________		
%#AUTOTEXT037	0	CHAR	 11	00	00	00	30	00	  6	105		  0	  0	  0		  0					  0	  0								## ##	                                                                                                                                                                                                                                                        X	
GS_VEND-ADDR	C	CHAR	 60	80	00	80	31	00	  6	117		  0	  0	  0		  0					  0	  0								____________________________________________________________		
%#AUTOTEXT027	0	CHAR	  9	00	00	00	30	00	  7	  5		  0	  0	  0		  0					  0	  0								## ##	                                                                                                                                                                                                                                                        X	
GS_HEAD-ZTERM	C	CHAR	  4	80	00	80	30	18	  7	 22		  0	  0	  0		  0					  0	  0								____		
GV_ZTERM	C	CHAR	 19	80	00	80	31	00	  7	 27		  0	  0	  0		  0					  0	  0								___________________		
%#AUTOTEXT038	0	CHAR	  9	00	00	00	30	00	  7	 76		  0	  0	  0		  0					  0	  0								## ##	                                                                                                                                                                                                                                                        X	
GS_VEND-MWSKZ	C	CHAR	  2	80	00	80	31	00	  7	 86		  0	  0	  0		  0					  0	  0								__		
GV_MWSKZ	C	CHAR	 12	80	00	80	31	00	  7	 90		  0	  0	  0		  0					  0	  0								____________		
%#AUTOTEXT039	0	CHAR	 11	00	00	00	30	00	  7	105		  0	  0	  0		  0					  0	  0								###	                                                                                                                                                                                                                                                        X	
GS_VEND-EMAIL	C	CHAR	 60	80	00	80	31	00	  7	117		  0	  0	  0		  0					  0	  0								____________________________________________________________		
%#AUTOTEXT029	0	CHAR	 13	00	00	00	30	00	  8	  5		  0	  0	  0		  0					  0	  0								## ##	                                                                                                                                                                                                                                                        X	
GS_HEAD-BUKRS	C	CHAR	  4	80	00	80	30	18	  8	 22		  0	  0	  0		  0					  0	  0								____		
GV_BUKRS	C	CHAR	 19	80	00	80	31	00	  8	 27		  0	  0	  0		  0					  0	  0								___________________		
%#AUTOTEXT040	0	CHAR	  9	00	00	00	30	00	  8	 76		  0	  0	  0		  0					  0	  0								####	                                                                                                                                                                                                                                                        X	
GS_VEND-ZVLEAD	P	DEC	  3	80	00	80	31	00	  8	 86		  0	  0	  0		  0					  0	  0								___		
GV_ZVLEAD	C	CHAR	 11	80	00	80	31	00	  8	 91		  0	  0	  0		  0					  0	  0								___________		
%#AUTOTEXT041	0	CHAR	 11	00	00	00	30	00	  8	105		  0	  0	  0		  0					  0	  0								####	                                                                                                                                                                                                                                                        X	
GS_VEND-ACCNO	C	CHAR	 24	80	00	80	31	00	  8	117		  0	  0	  0		  0					  0	  0								________________________		
%#AUTOTEXT009	0	CHAR	  4	00	00	00	30	00	  8	142		  0	  0	  0		  4					  0	  0								@D9@	                                                                                                                                                                                                                                                        X	
GS_VEND-BANK	C	CHAR	 30	80	00	80	31	00	  8	147		  0	  0	  0		  0					  0	  0								______________________________		
%#AUTOTEXT030	0	CHAR	 16	00	00	00	30	00	  9	  5		  0	  0	  0		  0					  0	  0								## ## ###	                                                                                                                                                                                                                                                        X	
GS_HEAD-BKTXT	C	CHAR	 25	80	00	80	30	00	  9	 22		  0	  0	  0		  0					  0	  0								_________________________		
%#AUTOTEXT042	0	CHAR	  9	00	00	00	30	00	  9	 76		  0	  0	  0		  0					  0	  0								####	                                                                                                                                                                                                                                                        X	
GS_VEND-WAERS	C	CHAR	  5	80	00	80	31	00	  9	 86		  0	  0	  0		  0					  0	  0								_____		
%#AUTOTEXT043	0	CHAR	 11	00	00	00	30	00	  9	105		  0	  0	  0		  0					  0	  0								###	                                                                                                                                                                                                                                                        X	
GS_VEND-PICNM	C	CHAR	 24	80	00	80	31	00	  9	117		  0	  0	  0		  0					  0	  0								________________________		
%#AUTOTEXT044	0	CHAR	  4	00	00	00	30	00	  9	142		  0	  0	  0		  4					  0	  0								@1Q@	                                                                                                                                                                                                                                                        X	
GS_VEND-PICTL	C	CHAR	 30	80	00	80	31	00	  9	147		  0	  0	  0		  0					  0	  0								______________________________		
%#AUTOTEXT053		CHAR	110	00	00	00	30	00	 13	  2		  0	  0	  0		  9	R				  0	  0	106							## ##		
%#AUTOTEXT001		CHAR	 67	00	00	00	30	00	 13	113		  0	  0	  0		  9	R				  0	  0	107							## ### #### ##		
%#AUTOTEXT048	0	CHAR	 21	00	00	00	30	00	 15	  6		  0	  0	  0		  0					  0	  0								## ## # ####	                                                                                                                                                                                                                                                        X	
GS_HEAD-WRBTR	P	DEC	 20	80	00	80	39	00	 15	 29		  0	  0	  0		  0					  0	  0								____________________	                                                                                                                                                                                                                                                        X	
%#AUTOTEXT049	0	CHAR	  4	00	00	00	30	00	 15	 50		  0	  0	  0		  0					  0	  0								USD		
GV_ICON1	C	CHAR	 30	80	00	80	33	00	 15	117		  0	  0	  0		  4					  0	  0								@00@__________________________		
	0	CHAR	  1	00	00	00	30	00	 15	122		  0	  0	  0		  0					  0	  0								|		
%#AUTOTEXT002	0	CHAR	 11	00	00	00	30	00	 15	126		  0	  0	  0		  0					  0	  0								### ##		
%#AUTOTEXT045	0	CHAR	  8	00	00	00	30	00	 15	143		  0	  0	  0		  0					  0	  0								####		
	0	CHAR	  1	00	00	00	30	00	 15	152		  0	  0	  0		  0					  0	  0								|		
GV_STAT1	C	CHAR	 15	80	00	80	31	00	 15	156		  0	  0	  0		  0					  0	  0								_______________		
%#AUTOTEXT050	0	CHAR	 21	00	00	00	30	00	 17	  6		  0	  0	  0		  0					  0	  0								## ## # ####	                                                                                                                                                                                                                                                        X	
GV_WRBTR	P	CURR	 20	80	00	80	00	00	 17	 29		  0	  0	  0		  0					  0	  0		GS_HEAD-WAERS						____________________		
GS_HEAD-WAERS	C	CUKY	  4	80	00	80	30	00	 17	 50		  0	  0	  0		  0					  0	  0								____		
%#AUTOTEXT051	0	CHAR	  9	00	00	00	30	00	 17	 59		  0	  0	  0		  0					  0	  0								## ##	                                                                                                                                                                                                                                                         X	
GV_KSCHL	C	CHAR	 13	80	00	80	31	00	 17	 73		  0	  0	  0		  0					  0	  0								_____________	                                                                                                                                                                                                                                                        X	
GV_CHK	C	CHAR	  1	80	00	80	30	00	 17	 90		  0	  0	  0		  0	C				  0	  0	108									
GV_ICON2	C	CHAR	 30	80	00	80	33	00	 17	117		  0	  0	  0		  4					  0	  0								@00@__________________________		
	0	CHAR	  1	00	00	00	30	00	 17	122		  0	  0	  0		  0					  0	  0								|		
%#AUTOTEXT003	0	CHAR	 16	00	00	00	30	00	 17	126		  0	  0	  0		  0					  0	  0								##/### ##		
%#AUTOTEXT046	0	CHAR	  8	00	00	00	30	00	 17	143		  0	  0	  0		  0					  0	  0								####		
	0	CHAR	  1	00	00	00	30	00	 17	152		  0	  0	  0		  0					  0	  0								|		
GV_STAT2	C	CHAR	 15	80	00	80	31	00	 17	156		  0	  0	  0		  0					  0	  0								_______________		
GS_HEAD-DMBTR	P	CURR	 20	80	00	80	38	00	 19	 29		  0	  0	  0		  0					  0	  0		GS_HEAD-WAERSK						____________________		
GS_HEAD-WAERSK	C	CUKY	  4	80	00	80	38	00	 19	 50		  0	  0	  0		  0					  0	  0								____		
GV_UKURS	P	DEC	 11	80	00	80	38	00	 19	 58		  0	  0	  0		  0					  0	  0								___________		
GV_WMWST	P	CURR	 20	80	00	80	30	00	 19	 73		  0	  0	  0		  0					  0	  0		GS_HEAD-WAERS		GR1				____________________		
%#AUTOTEXT052	0	CHAR	  4	00	00	00	30	00	 19	 94		  0	  0	  0		  0					  0	  0				GR1				USD		
GV_ICON3	C	CHAR	 30	80	00	80	33	00	 19	117		  0	  0	  0		  4					  0	  0								@00@__________________________		
	0	CHAR	  1	00	00	00	30	00	 19	122		  0	  0	  0		  0					  0	  0								|		
%#AUTOTEXT004	0	CHAR	 13	00	00	00	30	00	 19	126		  0	  0	  0		  0					  0	  0								## ####		
%#AUTOTEXT047	0	CHAR	  8	00	00	00	30	00	 19	143		  0	  0	  0		  0					  0	  0								####		
	0	CHAR	  1	00	00	00	30	00	 19	152		  0	  0	  0		  0					  0	  0								|		
GV_STAT3	C	CHAR	 15	80	00	80	31	00	 19	156		  0	  0	  0		  0					  0	  0								_______________		
		CHAR	178	00	00	00	30	00	 22	  2		  0	  0	  0		 13	R				  0	  0	101									
AREA			176	00	00	00	30	00	 23	  3		  0	  0	  0		 11	U				  1	  1	102									
		CHAR	 20	80	10	00	00	00	255	  1	O	  0	  0	  0		  0					  0	  0								____________________		
%_FLOWLOGIC																																
PROCESS BEFORE OUTPUT.																																
 MODULE STATUS_0102.																																
 MODULE init_alv_0102.																																
*																																
PROCESS AFTER INPUT.																																
* MODULE USER_COMMAND_0102.																																
